117440512
33554433
117440514
117440515
4244635652
33554437
4227858438
16777223
100663305
33554442
33554443
83886092
4261412877
16777230
67108879
4261412880
4211081233
117440530
117440531
4278190101
4278190102
4211081239
100663320
16777241
4261412890
117440539
4194304028
4261412894
16777247
117444608
4261416961
4261416962
4278194179
33558533
4227862534
4278194184
117444617
33558539
117444620
50335757
4244639759
4278194192
50335761
117444626
117444627
50335765
16781334
50335767
4244639768
16781337
33558557
50335775
4227866625
4177534978
4194312195
50339844
4194312197
4177534982
117448711
4177534984
50339850
4194312203
4177534990
33562639
4194312208
117448724
4261421078
117448728
117448729
50339866
4227866651
4278198300
33562654
67117087
117452800
33566725
4177539078
100675591
4278202376
117452809
100675594
33566731
117452812
16789517
4261425166
50343952
4244647953
117452818
117452819
50343956
4244647957
4177539094
117452824
117452825
4177539100
100675615
117456897
117456898
117456899
4194320388
4177543173
50348038
117456903
117456904
4177543178
4177543179
83902477
4194320398
4194320399
4177543184
4177543185
117456916
117456917
4211097622
4177543191
50348057
4194320410
117456923
4244652060
100679709
4211097630
4177543199
117460992
4278210561
117460994
117460995
4194324484
50352134
16797703
4278210568
4261433353
83906570
4244656140
4244656141
33574926
100683791
4227878928
4177547281
117461010
117461011
4261433364
83906581
83906582
4177547287
4227878936
4244656154
117461019
4177547292
4261433373
4211101726
117461023
117465088
4194328577
16801794
67133443
117465093
67133446
4261437447
4177551368
117465097
33579018
117465099
117465100
4194328589
50356238
50356239
117465104
4278214673
117465106
117465107
4244660244
4194328597
4244660246
4261437463
4227883032
117465113
83910683
4278214684
4211105821
83910687
4278218752
4244664321
4227887106
4261441539
67137540
117469189
16805894
4211109896
117469194
117469195
100691982
117469199
117469200
4177555473
4244664341
117469206
4177555479
117469208
117469209
4211109914
4261441563
4177555484
4261441566
117469215
4244668416
4194336769
4177559554
4194336771
4211113988
4211113990
117473287
4177559560
4211113993
4211113994
33587211
4227891212
117473293
4261445646
4244668431
4194336785
4227891218
4244668435
117473300
117473301
117473302
4211114007
117473304
117473305
4227891226
4211114011
4194336796
117473309
4211114014
117473311
4211118081
117477380
16814085
4211118086
33591303
4177563656
50368522
33591307
4211118093
67145743
117477393
50368532
4211118101
4177563670
117477399
33591320
4244672537
117477402
117477404
4227895325
117477406
4194340895
4194344961
4177567746
4194344963
50372612
4227899397
4177567750
117481479
4177567752
4211122187
16818189
4194344974
4194344976
117481492
33595414
117481496
117481497
83927066
4194344987
4244676636
16818206
117481503
4261457921
4261457924
4227903493
4278235145
4177571850
4244680715
117485581
4177571854
4177571855
4211126288
67153937
4278235154
4278235155
117485589
117485590
67153943
4278235162
117485596
117485597
4261457950
4261462016
50380801
67158018
67158019
4211130372
4261462021
67158022
117489671
16826376
4278239241
4177575946
4261462027
4278239244
117489677
4177575950
4177575951
4227907600
4177575953
4261462034
4261462035
117489684
117489685
4278239254
4177575959
117489689
4211130394
83935259
4244684828
117489693
4211130398
4261466112
4244688897
117493762
100716547
117493764
117493765
4244688902
4244688903
4211134472
16830473
4227911690
117493771
33607692
4227911693
117493774
4211134479
117493776
117493777
4244688915
4244688916
4227911701
4227911702
117493783
4227911704
4211134489
117493786
100716571
117493788
4227911709
117493790
4244688927
117497856
4177584134
67166216
117497865
4177584138
117497868
50389005
4261470222
4177584143
83943441
117497874
117497875
83943445
100720663
67166236
67166237
4261470239
16838656
4227919873
117501954
100724739
117501956
117501957
4227919878
4244697095
4211142664
33615881
4211142666
117501963
50393100
4211142669
117501966
4211142671
117501968
117501969
16838674
4261474323
4244697108
4211142677
4211142678
117501975
4244697112
4194365465
117501978
100724763
117501980
4211142685
117501982
4244697119
117506048
33619969
50397186
50397187
33619972
50397189
4177592326
50397191
117506057
4211146762
33619979
117506060
50397197
4177592335
50397200
117506066
117506067
50397204
4177592342
16842775
117506072
16842778
50397211
4227923996
33619997
33619998
4244701215
4244705280
4211150849
4194373634
4177596419
4211150852
4211150854
117510151
4177596424
4227928073
4194373642
4227928076
117510157
4261482510
4211150863
4194373649
4227928082
4227928083
117510164
117510165
117510166
4211150871
117510168
117510169
4227928090
4227928091
4194373660
100732957
4227928094
117510175
117514241
117514242
117514243
4177600516
4194377733
83959814
117514247
117514248
4177600522
4194377739
83959821
4194377742
4194377743
4194377744
4177600529
117514260
117514261
4244709398
4177600535
67182617
4194377754
117514267
4261486620
117514269
4211154974
4177600543
83963904
4261490690
4261490691
4211159045
4177604614
100741127
4261490696
100741129
4177604618
4227936267
83963916
100741133
4177604622
4177604623
4244713488
4194381841
100741138
100741139
67186708
67186709
4227936279
117518360
117518361
4261490715
4177604636
67186717
117518367
4177608705
117522436
4211163142
33636359
4177608712
4261494798
16859151
117522449
50413588
4177608726
117522455
16859160
117522458
67190812
117522462
4227940383
50417665
67194882
100749315
4194390020
117526535
4278276104
4177612810
16863243
117526541
4177612814
4177612815
4261498896
4177612817
4278276114
117526548
100749333
4261498902
4177612823
117526553
4211167258
100749339
4261498908
117526557
4227944478
117530625
4261502978
4261502979
4278280196
4261502981
117530630
4278280199
100753416
4244725769
117530634
4244725771
4244725773
117530638
117530639
50421776
4194394129
4244725780
117530646
4177616919
50421784
4278280217
4278280218
4177616924
4261503005
4278280222
117530655
4194398213
4278284294
4177621002
4194398219
117534733
4177621006
4177621007
4194398224
67203089
117534741
67203095
67203100
117534749
4194402305
4177625090
4211179523
117538820
4211179525
4211179526
100761607
4177625096
117538826
4211179531
33652749
4177625102
67207183
4177625104
117538833
100761620
16875541
4177625110
117538839
100761624
117538841
117538842
4227956763
4261511196
16875549
117538846
4261511199
117542912
33656835
33656836
50434053
4177629190
33656839
117542921
4227960842
33656843
117542924
33656845
4177629199
50434064
117542930
117542931
4244738069
4211183638
16879639
83988504
50434073
33656859
4244738076
33656861
16879646
4278292511
117547008
4194410497
50438146
117547011
117547013
16883718
4278296583
4177633288
117547017
117547019
117547020
4244742157
50438158
117547024
117547026
117547027
4278296596
4211187733
4227964950
4244742168
83992601
33660954
117547035
4278296604
4227964957
16883743
117551105
117551106
117551107
4177637380
4211191813
83996678
16887815
117551112
4194414603
16887821
4177637392
4177637393
67219476
117551125
4177637399
4278300697
4211191834
117551131
4177637404
33665053
4194414622
117555200
4278304769
117555202
117555203
4194418692
33669125
33669126
4261527559
4278304776
4278304777
117555210
33669131
4227973132
4211195917
33669134
117555215
4244750352
4177641489
117555218
117555219
4211195924
50446357
100778006
4177641495
4211195928
16891929
4227973146
117555227
4177641500
4211195933
4211195934
117555231
117559297
4261531650
117559300
4244754437
117559302
4261531655
100782088
4244754441
117559306
4227977227
4227977229
117559310
117559311
67227664
4211200017
4244754452
117559318
4194422807
67227672
4278308889
50450458
4177645596
4261531677
100782110
117559327
4244758529
117563394
100786179
117563396
117563397
4261535750
4244758535
4211204104
33677321
4227981322
117563403
33677324
4211204109
117563406
4227981327
117563408
117563409
4261535762
4261535763
4244758548
4211204117
4227981334
117563415
4227981336
4211204121
117563418
100786203
117563420
4211204125
117563422
4227981343
4211208193
4177653762
4194430979
100790276
4211208197
4177653766
100790279
4177653768
84013066
4194430987
4177653774
67235855
4211208208
50458641
117567508
4244762646
33681431
100790296
117567513
84013082
4227985435
33681436
84013086
33681439
