4177526784
117440513
117440514
117440515
4177526788
4177526789
4177526790
117440519
117440520
117440521
4177530880
4177530881
4177530882
117444611
117444612
117444613
4177530886
4211085319
4227862536
117444617
4177534976
117448705
4177534978
117448707
4177534980
117448709
4177534982
117448711
4227866632
117448713
4177539072
117452801
4177539074
117452803
4177539076
117452805
4177539078
117452807
4177539080
117452809
4211097600
117456897
117456898
4211097603
117456900
117456902
4177543175
4177543176
4177543177
4227878912
117460993
16797700
4194324485
4177547270
117460999
4177547272
4177547273
4177551360
4177551361
33579010
4211105795
117465092
117465093
4177551366
100687879
4227883016
117465097
117469184
4177555457
117469186
117469187
4177555460
117469189
117469190
4177555464
4177555465
4177559552
4177559553
4177559554
117473283
117473284
117473285
4177559558
4177559559
117473288
117473289
4177563648
117477377
117477378
117477379
4177563652
4177563653
4177563654
117477383
117477384
4177563657
4177567744
4177567745
100704258
4177567747
117481476
4177567749
117481478
117481479
4177567752
117481481
4244680704
117485569
4278235138
4261457923
4278235140
4211126277
4177571846
117485575
4177571848
4194349065
4177575936
117489665
117489666
117489667
4177575940
4177575941
4177575942
117489671
117489672
4211130377
117493760
4177580033
117493762
100716547
4177580036
117493765
4194357254
4177580039
117493768
4177580041
4177584128
117497857
4211138562
4177584131
117497860
4177584133
4177584134
117497863
4177584136
117497865
4211142656
4177588225
33615874
4177588227
117501956
4177588229
117501958
117501959
4177588232
117501961
117506049
4278255618
4177592323
117506052
4177592325
4177592326
117506055
4177592328
4177592329
4177596416
117510145
117510146
4194373635
4244705284
4261482501
117510150
4177596423
117510152
4177596425
4177600512
117514241
117514242
117514243
4177600516
4177600517
4177600518
117514247
117514248
117514249
4177604608
117518337
117518338
117518339
4177604612
4177604613
4177604614
117518343
117518344
117518345
117522432
4194385921
117522434
117522435
4177608708
117522437
117522438
4194385927
4177608712
4177608713
117526528
4177612801
100749314
100749315
4177612804
117526533
4177612806
4177612807
117526536
100749321
117530624
4177616897
4211171330
4177616899
117530628
4177616902
100753415
117530632
117530633
4177620992
117534721
117534722
4261507075
4227952644
4244729861
117534726
4177620999
117534728
4177621001
117538816
4227956737
117538818
117538819
4177625093
117538822
50429959
4177625096
4177625097
117542912
4177629185
117542914
83988483
4261515268
117542917
117542918
117542919
4177629192
4177629193
4261519360
117547009
117547010
4211187715
117547014
4177633287
4177633288
4177633289
4177637376
117551105
4211191810
117551107
4177637380
117551109
4177637382
117551111
4177637384
117551113
4177641472
117555201
4177641475
4261527556
84000773
117555206
4177641479
117555208
4177641481
117559296
4177645569
117559298
117559299
4177645572
117559301
4177645574
4177645575
117559304
4211200009
4177649664
117563393
117563394
4244758531
50454533
117563398
4177649671
4211204104
4177649673
117567488
4177653761
117567490
4227985411
117567492
4177653765
4261539846
117567495
4177653768
117567497
